# camera_matrix: 
#   [[873.74761963,0,656.75972033],
#   [0,881.49523926,364.18961149],
#   [0,0,1]]
# distortion_vector: [ 0.15806218, -0.38567071,  0.00188187,  0.0030698 ,  0.20636145]

# camera_matrix: 
# [[2.5977360400870989e+03, 0., 1.6254681886610679e+03],
# [0., 2.5977360400870989e+03, 1.2108675582234569e+03],
# [0., 0., 1.]]

# distortion_vector: [2.5454987442007009e+00, 1.0067489312480500e+01, 1.8290808841793216e-03, -7.5365238888702914e-03, -1.5215696353033678e+01]

camera_matrix: 
  [[1.5390566005457597e+03, 0., 9.6833170553891512e+02],
  [0., 1.5390566005457597e+03, 5.2488516764635506e+02],
  [0., 0., 1.]]

distortion_vector: [5.3205299704068123e+00, 4.7082515142215307e+01, 4.1153160012317403e-03, -2.0949773283129784e-03, -1.0004684523969560e+02]
