camera_matrix: 
  [[873.74761963,0,656.75972033],
  [0,881.49523926,364.18961149],
  [0,0,1]]
distortion_vector: [ 0.15806218, -0.38567071,  0.00188187,  0.0030698 ,  0.20636145]